 results.L 	 results.D 	 Cl 	 Cd 	 results.sumgamma 	 results.sumu1 	 results.sumum 	 results.sumuw 	 results.meangamma 	 results.meanu1 	 results.meanum 	 results.meanuw 
 results.L 	 results.D 	 Cl 	 Cd 	 results.sumgamma 	 results.sumu1 	 results.sumum 	 results.sumuw 	 results.meangamma 	 results.meanu1 	 results.meanum 	 results.meanuw 
1.000003e-01 	 1.000003e-01 	 1 	 2.379232e+02 	 3.544737e+00 	 8.108662e-01 	 1.208082e-02 	 1.142791e+00 	 -1.501754e+02 	 -2.135042e+01 	 2.827790e-02 	 9.523259e-03 	 1.077748e-01 	 3.085939e-03 	 3.252777e-06 
2.000005e-01 	 2.000005e-01 	 1 	 9.531038e+02 	 1.423197e+01 	 8.120683e-01 	 1.212600e-02 	 2.290025e+00 	 -1.501754e+02 	 -2.135042e+01 	 -1.229990e-02 	 1.908354e-02 	 1.077748e-01 	 3.085939e-03 	 4.164787e-05 
3.000008e-01 	 3.000008e-01 	 1 	 2.150438e+03 	 3.224478e+01 	 8.143231e-01 	 1.221038e-02 	 3.447451e+00 	 -1.501754e+02 	 -2.135042e+01 	 -7.964848e-02 	 2.872876e-02 	 1.077748e-01 	 3.085939e-03 	 1.153013e-04 
4.000010e-01 	 4.000010e-01 	 1 	 3.841084e+03 	 5.800144e+01 	 8.181750e-01 	 1.235467e-02 	 4.624554e+00 	 -1.501754e+02 	 -2.135042e+01 	 -1.704319e-01 	 3.853795e-02 	 1.077748e-01 	 3.085939e-03 	 2.398773e-04 
5.000013e-01 	 5.000013e-01 	 1 	 6.065148e+03 	 9.369399e+01 	 8.268252e-01 	 1.277274e-02 	 5.854515e+00 	 -1.501754e+02 	 -2.135042e+01 	 -4.498433e-01 	 4.878762e-02 	 1.077748e-01 	 3.085939e-03 	 4.862577e-04 
6.000015e-01 	 6.000015e-01 	 1 	 8.887223e+03 	 1.539541e+02 	 8.413485e-01 	 1.457475e-02 	 7.174721e+00 	 -1.501754e+02 	 -2.135042e+01 	 -4.414793e+00 	 5.978934e-02 	 1.077748e-01 	 3.085939e-03 	 1.072266e-03 
7.000018e-01 	 7.000018e-01 	 1 	 1.179057e+04 	 2.560253e+02 	 8.200701e-01 	 1.780734e-02 	 8.200958e+00 	 -1.501754e+02 	 -2.135042e+01 	 -1.991587e+01 	 6.834132e-02 	 1.077748e-01 	 3.085939e-03 	 2.130346e-03 
8.000021e-01 	 8.000021e-01 	 1 	 1.411253e+04 	 3.783754e+02 	 7.515142e-01 	 2.014908e-02 	 8.599212e+00 	 -1.501754e+02 	 -2.135042e+01 	 -4.679359e+01 	 7.166010e-02 	 1.077748e-01 	 3.085939e-03 	 4.088601e-03 
9.000023e-01 	 9.000023e-01 	 1 	 1.610193e+04 	 4.958592e+02 	 6.774935e-01 	 2.086343e-02 	 8.699571e+00 	 -1.501754e+02 	 -2.135042e+01 	 -7.652898e+01 	 7.249642e-02 	 1.077748e-01 	 3.085939e-03 	 6.599040e-03 
1.000003e+00 	 1.000003e+00 	 1 	 1.820003e+04 	 6.064246e+02 	 6.202753e-01 	 2.066756e-02 	 8.821663e+00 	 -1.501754e+02 	 -2.135042e+01 	 -1.024054e+02 	 7.351386e-02 	 1.077748e-01 	 3.085939e-03 	 9.242092e-03 
1.200003e+00 	 1.200003e+00 	 1 	 2.360146e+04 	 8.285315e+02 	 5.585844e-01 	 1.960916e-02 	 9.442053e+00 	 -1.501754e+02 	 -2.135042e+01 	 -1.324621e+02 	 7.868378e-02 	 1.077748e-01 	 3.085939e-03 	 1.287279e-02 
1.400004e+00 	 1.400004e+00 	 1 	 3.099308e+04 	 1.082147e+03 	 5.389160e-01 	 1.881666e-02 	 1.055750e+01 	 -1.501754e+02 	 -2.135042e+01 	 -1.424226e+02 	 8.797913e-02 	 1.077748e-01 	 3.085939e-03 	 1.394028e-02 
1.600004e+00 	 1.600004e+00 	 1 	 4.050128e+04 	 1.379368e+03 	 5.391892e-01 	 1.836337e-02 	 1.202725e+01 	 -1.501754e+02 	 -2.135042e+01 	 -1.384853e+02 	 1.002270e-01 	 1.077748e-01 	 3.085939e-03 	 1.575821e-02 
1.800005e+00 	 1.800005e+00 	 1 	 5.263062e+04 	 1.742870e+03 	 5.536125e-01 	 1.833295e-02 	 1.381530e+01 	 -1.501754e+02 	 -2.135042e+01 	 -1.275438e+02 	 1.151275e-01 	 1.077748e-01 	 3.085939e-03 	 1.402512e-02 
2.000005e+00 	 2.000005e+00 	 1 	 6.628700e+04 	 2.115907e+03 	 5.647818e-01 	 1.802806e-02 	 1.561975e+01 	 -1.501754e+02 	 -2.135042e+01 	 -1.165341e+02 	 1.301645e-01 	 1.077748e-01 	 3.085939e-03 	 1.301320e-02 
3.000008e+00 	 3.000008e+00 	 1 	 1.643660e+05 	 4.581651e+03 	 6.224177e-01 	 1.734969e-02 	 2.567631e+01 	 -1.501754e+02 	 -2.135042e+01 	 -7.855511e+01 	 2.139693e-01 	 1.077748e-01 	 3.085939e-03 	 1.146292e-02 
4.000010e+00 	 4.000010e+00 	 1 	 3.052929e+05 	 7.882652e+03 	 6.502930e-01 	 1.679054e-02 	 3.572584e+01 	 -1.501754e+02 	 -2.135042e+01 	 -6.334154e+01 	 2.977154e-01 	 1.077748e-01 	 3.085939e-03 	 1.036981e-02 
5.000013e+00 	 5.000013e+00 	 1 	 4.800393e+05 	 1.172245e+04 	 6.544088e-01 	 1.598052e-02 	 4.489921e+01 	 -1.501754e+02 	 -2.135042e+01 	 -5.604045e+01 	 3.741600e-01 	 1.077748e-01 	 3.085939e-03 	 6.714802e-03 
6.000015e+00 	 6.000015e+00 	 1 	 7.091465e+05 	 1.722636e+04 	 6.713451e-01 	 1.630810e-02 	 5.535657e+01 	 -1.501754e+02 	 -2.135042e+01 	 -5.056545e+01 	 4.613048e-01 	 1.077748e-01 	 3.085939e-03 	 7.947257e-03 
7.000018e+00 	 7.000018e+00 	 1 	 9.677999e+05 	 2.304640e+04 	 6.731345e-01 	 1.602948e-02 	 6.469545e+01 	 -1.501754e+02 	 -2.135042e+01 	 -4.825363e+01 	 5.391287e-01 	 1.077748e-01 	 3.085939e-03 	 8.241539e-03 
8.000021e+00 	 8.000021e+00 	 1 	 1.272966e+06 	 3.021897e+04 	 6.778743e-01 	 1.609207e-02 	 7.458206e+01 	 -1.501754e+02 	 -2.135042e+01 	 -4.675713e+01 	 6.215172e-01 	 1.077748e-01 	 3.085939e-03 	 6.395093e-03 
9.000023e+00 	 9.000023e+00 	 1 	 1.604320e+06 	 3.747093e+04 	 6.750228e-01 	 1.576601e-02 	 8.337926e+01 	 -1.501754e+02 	 -2.135042e+01 	 -4.658371e+01 	 6.948271e-01 	 1.077748e-01 	 3.085939e-03 	 6.214031e-03 
1.000003e+01 	 1.000003e+01 	 1 	 1.983924e+06 	 4.608945e+04 	 6.761411e-01 	 1.570775e-02 	 9.286220e+01 	 -1.501754e+02 	 -2.135042e+01 	 -4.474543e+01 	 7.738516e-01 	 1.077748e-01 	 3.085939e-03 	 7.466512e-03 
1.100003e+01 	 1.100003e+01 	 1 	 2.403833e+06 	 5.565061e+04 	 6.770665e-01 	 1.567461e-02 	 1.022287e+02 	 -1.501754e+02 	 -2.135042e+01 	 -4.538740e+01 	 8.519054e-01 	 1.077748e-01 	 3.085939e-03 	 6.247695e-03 
1.200003e+01 	 1.200003e+01 	 1 	 2.879881e+06 	 6.693593e+04 	 6.815919e-01 	 1.584197e-02 	 1.123266e+02 	 -1.501754e+02 	 -2.135042e+01 	 -4.427878e+01 	 9.360553e-01 	 1.077748e-01 	 3.085939e-03 	 6.218601e-03 
1.000003e-01 	 7.071086e-02 	 2 	 2.250451e+02 	 3.189616e+00 	 7.669764e-01 	 1.087053e-02 	 1.080951e+00 	 -1.501754e+02 	 -1.317861e+01 	 1.648295e-02 	 9.007922e-03 	 1.077748e-01 	 1.176070e-03 	 1.636133e-06 
2.000005e-01 	 1.414217e-01 	 2 	 9.002867e+02 	 1.276361e+01 	 7.670668e-01 	 1.087491e-02 	 2.162357e+00 	 -1.501754e+02 	 -1.317861e+01 	 -1.939541e-03 	 1.801964e-02 	 1.077748e-01 	 1.176070e-03 	 3.796264e-06 
3.000008e-01 	 2.121326e-01 	 2 	 2.026075e+03 	 2.873865e+01 	 7.672296e-01 	 1.088269e-02 	 3.244746e+00 	 -1.501754e+02 	 -1.317861e+01 	 -3.351633e-02 	 2.703955e-02 	 1.077748e-01 	 1.176070e-03 	 1.258968e-05 
4.000010e-01 	 2.828434e-01 	 2 	 3.603121e+03 	 5.114735e+01 	 7.674873e-01 	 1.089470e-02 	 4.328822e+00 	 -1.501754e+02 	 -1.317861e+01 	 -7.966967e-02 	 3.607352e-02 	 1.077748e-01 	 1.176070e-03 	 2.606744e-05 
5.000013e-01 	 3.535543e-01 	 2 	 5.632786e+03 	 8.004914e+01 	 7.678839e-01 	 1.091262e-02 	 5.415663e+00 	 -1.501754e+02 	 -1.317861e+01 	 -1.426864e-01 	 4.513052e-02 	 1.077748e-01 	 1.176070e-03 	 4.579489e-05 
6.000015e-01 	 4.242652e-01 	 2 	 8.117912e+03 	 1.156037e+02 	 7.685183e-01 	 1.094414e-02 	 6.507237e+00 	 -1.501754e+02 	 -1.317861e+01 	 -2.409972e-01 	 5.422698e-02 	 1.077748e-01 	 1.176070e-03 	 7.510599e-05 
7.000018e-01 	 4.949760e-01 	 2 	 1.105876e+04 	 1.587763e+02 	 7.691709e-01 	 1.104338e-02 	 7.603009e+00 	 -1.501754e+02 	 -1.317861e+01 	 -6.393852e-01 	 6.335841e-02 	 1.077748e-01 	 1.176070e-03 	 1.217762e-04 
8.000021e-01 	 5.656869e-01 	 2 	 1.442018e+04 	 2.132187e+02 	 7.678970e-01 	 1.135423e-02 	 8.680927e+00 	 -1.501754e+02 	 -1.317861e+01 	 -2.299756e+00 	 7.234106e-02 	 1.077748e-01 	 1.176070e-03 	 2.303870e-04 
9.000023e-01 	 6.363977e-01 	 2 	 1.815411e+04 	 2.869480e+02 	 7.638397e-01 	 1.207343e-02 	 9.727338e+00 	 -1.501754e+02 	 -1.317861e+01 	 -6.230020e+00 	 8.106115e-02 	 1.077748e-01 	 1.176070e-03 	 5.055944e-04 
1.000003e+00 	 7.071086e-01 	 2 	 2.192311e+04 	 3.770894e+02 	 7.471617e-01 	 1.285159e-02 	 1.058685e+01 	 -1.501754e+02 	 -1.317861e+01 	 -1.327243e+01 	 8.822378e-02 	 1.077748e-01 	 1.176070e-03 	 1.136200e-03 
1.200003e+00 	 8.485303e-01 	 2 	 2.989068e+04 	 6.088123e+02 	 7.074335e-01 	 1.440898e-02 	 1.202698e+01 	 -1.501754e+02 	 -1.317861e+01 	 -3.020290e+01 	 1.002248e-01 	 1.077748e-01 	 1.176070e-03 	 2.895808e-03 
1.400004e+00 	 9.899520e-01 	 2 	 3.882007e+04 	 8.830136e+02 	 6.750136e-01 	 1.535408e-02 	 1.335727e+01 	 -1.501754e+02 	 -1.317861e+01 	 -4.532536e+01 	 1.113106e-01 	 1.077748e-01 	 1.176070e-03 	 5.435262e-03 
1.600004e+00 	 1.131374e+00 	 2 	 4.930217e+04 	 1.187272e+03 	 6.563544e-01 	 1.580602e-02 	 1.480223e+01 	 -1.501754e+02 	 -1.317861e+01 	 -5.442278e+01 	 1.233519e-01 	 1.077748e-01 	 1.176070e-03 	 6.080496e-03 
1.800005e+00 	 1.272795e+00 	 2 	 6.171735e+04 	 1.519709e+03 	 6.491942e-01 	 1.598555e-02 	 1.642838e+01 	 -1.501754e+02 	 -1.317861e+01 	 -5.903044e+01 	 1.369032e-01 	 1.077748e-01 	 1.176070e-03 	 7.695994e-03 
2.000005e+00 	 1.414217e+00 	 2 	 7.558175e+04 	 1.861765e+03 	 6.439754e-01 	 1.586271e-02 	 1.807907e+01 	 -1.501754e+02 	 -1.317861e+01 	 -5.990648e+01 	 1.506589e-01 	 1.077748e-01 	 1.176070e-03 	 5.834558e-03 
3.000008e+00 	 2.121326e+00 	 2 	 1.743735e+05 	 4.015647e+03 	 6.603136e-01 	 1.520636e-02 	 2.762625e+01 	 -1.501754e+02 	 -1.317861e+01 	 -4.922569e+01 	 2.302188e-01 	 1.077748e-01 	 1.176070e-03 	 5.281274e-03 
4.000010e+00 	 2.828434e+00 	 2 	 3.209648e+05 	 7.067100e+03 	 6.836751e-01 	 1.505337e-02 	 3.810100e+01 	 -1.501754e+02 	 -1.317861e+01 	 -3.749864e+01 	 3.175083e-01 	 1.077748e-01 	 1.176070e-03 	 8.777452e-03 
5.000013e+00 	 3.535543e+00 	 2 	 5.036970e+05 	 1.061898e+04 	 6.866599e-01 	 1.447622e-02 	 4.779307e+01 	 -1.501754e+02 	 -1.317861e+01 	 -3.526891e+01 	 3.982756e-01 	 1.077748e-01 	 1.176070e-03 	 2.795139e-03 
6.000015e+00 	 4.242652e+00 	 2 	 7.376497e+05 	 1.539937e+04 	 6.983289e-01 	 1.457850e-02 	 5.835216e+01 	 -1.501754e+02 	 -1.317861e+01 	 -3.171380e+01 	 4.862680e-01 	 1.077748e-01 	 1.176070e-03 	 2.792631e-03 
7.000018e+00 	 4.949760e+00 	 2 	 9.953130e+05 	 2.025535e+04 	 6.922707e-01 	 1.408822e-02 	 6.747520e+01 	 -1.501754e+02 	 -1.317861e+01 	 -3.133962e+01 	 5.622934e-01 	 1.077748e-01 	 1.176070e-03 	 2.779985e-03 
8.000021e+00 	 5.656869e+00 	 2 	 1.311330e+06 	 2.660368e+04 	 6.983037e-01 	 1.416687e-02 	 7.777124e+01 	 -1.501754e+02 	 -1.317861e+01 	 -2.959365e+01 	 6.480936e-01 	 1.077748e-01 	 1.176070e-03 	 2.916199e-03 
9.000023e+00 	 6.363977e+00 	 2 	 1.660617e+06 	 3.348035e+04 	 6.987096e-01 	 1.408696e-02 	 8.755510e+01 	 -1.501754e+02 	 -1.317861e+01 	 -2.909980e+01 	 7.296259e-01 	 1.077748e-01 	 1.176070e-03 	 2.559225e-03 
1.000003e+01 	 7.071086e+00 	 2 	 2.042223e+06 	 4.084754e+04 	 6.960101e-01 	 1.392125e-02 	 9.697684e+01 	 -1.501754e+02 	 -1.317861e+01 	 -2.929200e+01 	 8.081403e-01 	 1.077748e-01 	 1.176070e-03 	 2.709413e-03 
1.100003e+01 	 7.778195e+00 	 2 	 2.504757e+06 	 5.053289e+04 	 7.054929e-01 	 1.423315e-02 	 1.080816e+02 	 -1.501754e+02 	 -1.317861e+01 	 -2.784941e+01 	 9.006796e-01 	 1.077748e-01 	 1.176070e-03 	 2.369912e-03 
1.200003e+01 	 8.485303e+00 	 2 	 2.954320e+06 	 5.893727e+04 	 6.992097e-01 	 1.394890e-02 	 1.168748e+02 	 -1.501754e+02 	 -1.317861e+01 	 -2.823748e+01 	 9.739564e-01 	 1.077748e-01 	 1.176070e-03 	 2.509950e-03 
1.000003e-01 	 4.472147e-02 	 5 	 2.174187e+02 	 2.993070e+00 	 7.409847e-01 	 1.020068e-02 	 1.044359e+00 	 -1.501754e+02 	 -4.663560e+00 	 5.631887e-03 	 8.702994e-03 	 1.077748e-01 	 3.239306e-04 	 4.266163e-07 
2.000005e-01 	 8.944295e-02 	 5 	 8.696716e+02 	 1.197239e+01 	 7.409820e-01 	 1.020078e-02 	 2.088729e+00 	 -1.501754e+02 	 -4.663560e+00 	 3.085915e-03 	 1.740607e-02 	 1.077748e-01 	 3.239306e-04 	 2.142996e-07 
3.000008e-01 	 1.341644e-01 	 5 	 1.956749e+03 	 2.693832e+01 	 7.409774e-01 	 1.020095e-02 	 3.133120e+00 	 -1.501754e+02 	 -4.663560e+00 	 -1.220950e-03 	 2.610933e-02 	 1.077748e-01 	 3.239306e-04 	 3.578772e-07 
4.000010e-01 	 1.788859e-01 	 5 	 3.478635e+03 	 4.789151e+01 	 7.409711e-01 	 1.020119e-02 	 4.177545e+00 	 -1.501754e+02 	 -4.663560e+00 	 -7.389268e-03 	 3.481287e-02 	 1.077748e-01 	 3.239306e-04 	 9.971984e-07 
5.000013e-01 	 2.236074e-01 	 5 	 5.435309e+03 	 7.483296e+01 	 7.409630e-01 	 1.020153e-02 	 5.222020e+00 	 -1.501754e+02 	 -4.663560e+00 	 -1.557115e-02 	 4.351684e-02 	 1.077748e-01 	 3.239306e-04 	 1.873007e-06 
6.000015e-01 	 2.683288e-01 	 5 	 7.826744e+03 	 1.077642e+02 	 7.409535e-01 	 1.020198e-02 	 6.266568e+00 	 -1.501754e+02 	 -4.663560e+00 	 -2.598414e-02 	 5.222140e-02 	 1.077748e-01 	 3.239306e-04 	 3.008093e-06 
7.000018e-01 	 3.130503e-01 	 5 	 1.065291e+04 	 1.466877e+02 	 7.409428e-01 	 1.020258e-02 	 7.311217e+00 	 -1.501754e+02 	 -4.663560e+00 	 -3.893488e-02 	 6.092681e-02 	 1.077748e-01 	 3.239306e-04 	 4.451355e-06 
8.000021e-01 	 3.577718e-01 	 5 	 1.391379e+04 	 1.916074e+02 	 7.409313e-01 	 1.020340e-02 	 8.356010e+00 	 -1.501754e+02 	 -4.663560e+00 	 -5.498553e-02 	 6.963342e-02 	 1.077748e-01 	 3.239306e-04 	 6.278399e-06 
9.000023e-01 	 4.024933e-01 	 5 	 1.760924e+04 	 2.425374e+02 	 7.409143e-01 	 1.020484e-02 	 9.400934e+00 	 -1.501754e+02 	 -4.663560e+00 	 -7.730560e-02 	 7.834112e-02 	 1.077748e-01 	 3.239306e-04 	 8.618789e-06 
1.000003e+00 	 4.472147e-01 	 5 	 2.173801e+04 	 2.995507e+02 	 7.408532e-01 	 1.020899e-02 	 1.044544e+01 	 -1.501754e+02 	 -4.663560e+00 	 -1.231944e-01 	 8.704533e-02 	 1.077748e-01 	 3.239306e-04 	 1.194964e-05 
1.200003e+00 	 5.366577e-01 	 5 	 3.127028e+04 	 4.331905e+02 	 7.400851e-01 	 1.025248e-02 	 1.252290e+01 	 -1.501754e+02 	 -4.663560e+00 	 -5.102604e-01 	 1.043575e-01 	 1.077748e-01 	 3.239306e-04 	 3.568261e-05 
1.400004e+00 	 6.261006e-01 	 5 	 4.246632e+04 	 5.998053e+02 	 7.384156e-01 	 1.042957e-02 	 1.457743e+01 	 -1.501754e+02 	 -4.663560e+00 	 -1.733519e+00 	 1.214785e-01 	 1.077748e-01 	 3.239306e-04 	 1.210076e-04 
1.600004e+00 	 7.155436e-01 	 5 	 5.503573e+04 	 8.020183e+02 	 7.326847e-01 	 1.067718e-02 	 1.654225e+01 	 -1.501754e+02 	 -4.663560e+00 	 -4.317822e+00 	 1.378521e-01 	 1.077748e-01 	 3.239306e-04 	 5.166403e-04 
1.800005e+00 	 8.049865e-01 	 5 	 6.912979e+04 	 1.044988e+03 	 7.271644e-01 	 1.099205e-02 	 1.846766e+01 	 -1.501754e+02 	 -4.663560e+00 	 -6.867058e+00 	 1.538972e-01 	 1.077748e-01 	 3.239306e-04 	 1.139336e-03 
2.000005e+00 	 8.944295e-01 	 5 	 8.470494e+04 	 1.323802e+03 	 7.217073e-01 	 1.127913e-02 	 2.036729e+01 	 -1.501754e+02 	 -4.663560e+00 	 -9.584387e+00 	 1.697274e-01 	 1.077748e-01 	 3.239306e-04 	 1.652772e-03 
3.000008e+00 	 1.341644e+00 	 5 	 1.877344e+05 	 3.134570e+03 	 7.109086e-01 	 1.186992e-02 	 3.001432e+01 	 -1.501754e+02 	 -4.663560e+00 	 -1.508682e+01 	 2.501193e-01 	 1.077748e-01 	 3.239306e-04 	 1.816062e-03 
4.000010e+00 	 1.788859e+00 	 5 	 3.325361e+05 	 5.502498e+03 	 7.083228e-01 	 1.172066e-02 	 3.984056e+01 	 -1.501754e+02 	 -4.663560e+00 	 -1.537192e+01 	 3.320047e-01 	 1.077748e-01 	 3.239306e-04 	 5.891265e-03 
5.000013e+00 	 2.236074e+00 	 5 	 5.260366e+05 	 8.656155e+03 	 7.171141e-01 	 1.180042e-02 	 5.036022e+01 	 -1.501754e+02 	 -4.663560e+00 	 -1.288117e+01 	 4.196685e-01 	 1.077748e-01 	 3.239306e-04 	 1.276801e-03 
6.000015e+00 	 2.683288e+00 	 5 	 7.483717e+05 	 1.202946e+04 	 7.084794e-01 	 1.138822e-02 	 5.972915e+01 	 -1.501754e+02 	 -4.663560e+00 	 -1.306906e+01 	 4.977429e-01 	 1.077748e-01 	 3.239306e-04 	 2.412221e-03 
7.000018e+00 	 3.130503e+00 	 5 	 1.041453e+06 	 1.695031e+04 	 7.243621e-01 	 1.178946e-02 	 7.123268e+01 	 -1.501754e+02 	 -4.663560e+00 	 -1.091862e+01 	 5.936056e-01 	 1.077748e-01 	 3.239306e-04 	 1.013220e-03 
8.000021e+00 	 3.577718e+00 	 5 	 1.355726e+06 	 2.184662e+04 	 7.219455e-01 	 1.163366e-02 	 8.109976e+01 	 -1.501754e+02 	 -4.663560e+00 	 -1.063363e+01 	 6.758313e-01 	 1.077748e-01 	 3.239306e-04 	 1.155866e-03 
9.000023e+00 	 4.024933e+00 	 5 	 1.692641e+06 	 2.686209e+04 	 7.121840e-01 	 1.130231e-02 	 9.010800e+01 	 -1.501754e+02 	 -4.663560e+00 	 -1.153352e+01 	 7.509000e-01 	 1.077748e-01 	 3.239306e-04 	 1.933716e-03 
1.000003e+01 	 4.472147e+00 	 5 	 2.102666e+06 	 3.342918e+04 	 7.166096e-01 	 1.139300e-02 	 1.006622e+02 	 -1.501754e+02 	 -4.663560e+00 	 -1.071674e+01 	 8.388515e-01 	 1.077748e-01 	 3.239306e-04 	 1.203721e-03 
1.100003e+01 	 4.919362e+00 	 5 	 2.542895e+06 	 4.032466e+04 	 7.162347e-01 	 1.135789e-02 	 1.106881e+02 	 -1.501754e+02 	 -4.663560e+00 	 -1.063535e+01 	 9.224012e-01 	 1.077748e-01 	 3.239306e-04 	 1.015080e-03 
1.200003e+01 	 5.366577e+00 	 5 	 3.025074e+06 	 4.789981e+04 	 7.159552e-01 	 1.133662e-02 	 1.208628e+02 	 -1.501754e+02 	 -4.663560e+00 	 -1.097346e+01 	 1.007190e+00 	 1.077748e-01 	 3.239306e-04 	 2.583475e-03 
1.000003e-01 	 1.000003e-01 	 1 	 2.379824e+02 	 3.547958e+00 	 8.110680e-01 	 1.209180e-02 	 1.143332e+00 	 -1.501754e+02 	 -2.135042e+01 	 -1.407673e-02 	 9.527766e-03 	 1.077748e-01 	 3.085939e-03 	 1.311419e-05 
2.000005e-01 	 2.000005e-01 	 1 	 9.534111e+02 	 1.424754e+01 	 8.123301e-01 	 1.213926e-02 	 2.291329e+00 	 -1.501754e+02 	 -2.135042e+01 	 -5.636727e-02 	 1.909441e-02 	 1.077748e-01 	 3.085939e-03 	 5.472186e-05 
3.000008e-01 	 3.000008e-01 	 1 	 2.151530e+03 	 3.229463e+01 	 8.147365e-01 	 1.222926e-02 	 3.450225e+00 	 -1.501754e+02 	 -2.135042e+01 	 -1.262682e-01 	 2.875187e-02 	 1.077748e-01 	 3.085939e-03 	 1.331696e-04 
4.000010e-01 	 4.000010e-01 	 1 	 3.845069e+03 	 5.816376e+01 	 8.190237e-01 	 1.238924e-02 	 4.631281e+00 	 -1.501754e+02 	 -2.135042e+01 	 -2.173347e-01 	 3.859401e-02 	 1.077748e-01 	 3.085939e-03 	 2.714689e-04 
5.000013e-01 	 5.000013e-01 	 1 	 6.086011e+03 	 9.451947e+01 	 8.296694e-01 	 1.288527e-02 	 5.880909e+00 	 -1.501754e+02 	 -2.135042e+01 	 -4.321443e-01 	 4.900758e-02 	 1.077748e-01 	 3.085939e-03 	 6.328470e-04 
6.000015e-01 	 6.000015e-01 	 1 	 9.138420e+03 	 1.644712e+02 	 8.651292e-01 	 1.557040e-02 	 7.416989e+00 	 -1.501754e+02 	 -2.135042e+01 	 -3.850919e+00 	 6.180825e-02 	 1.077748e-01 	 3.085939e-03 	 2.553562e-03 
7.000018e-01 	 7.000018e-01 	 1 	 1.174578e+04 	 2.542987e+02 	 8.169549e-01 	 1.768725e-02 	 8.174646e+00 	 -1.501754e+02 	 -2.135042e+01 	 -2.019868e+01 	 6.812205e-02 	 1.077748e-01 	 3.085939e-03 	 2.218028e-03 
8.000021e-01 	 8.000021e-01 	 1 	 1.451237e+04 	 4.037789e+02 	 7.728063e-01 	 2.150186e-02 	 8.902314e+00 	 -1.501754e+02 	 -2.135042e+01 	 -4.651829e+01 	 7.418595e-02 	 1.077748e-01 	 3.085939e-03 	 4.486711e-03 
9.000023e-01 	 9.000023e-01 	 1 	 1.626542e+04 	 5.098251e+02 	 6.843728e-01 	 2.145105e-02 	 8.828470e+00 	 -1.501754e+02 	 -2.135042e+01 	 -7.653968e+01 	 7.357058e-02 	 1.077748e-01 	 3.085939e-03 	 9.860386e-03 
1.000003e+00 	 1.000003e+00 	 1 	 1.657808e+04 	 4.812530e+02 	 5.649976e-01 	 1.640158e-02 	 7.827711e+00 	 -1.501754e+02 	 -2.135042e+01 	 -9.890211e+01 	 6.523092e-02 	 1.077748e-01 	 3.085939e-03 	 8.088901e-03 
1.200003e+00 	 1.200003e+00 	 1 	 2.330681e+04 	 8.025133e+02 	 5.516108e-01 	 1.899337e-02 	 9.286307e+00 	 -1.501754e+02 	 -2.135042e+01 	 -1.321368e+02 	 7.738589e-02 	 1.077748e-01 	 3.085939e-03 	 2.022788e-02 
1.400004e+00 	 1.400004e+00 	 1 	 3.016285e+04 	 1.019718e+03 	 5.244797e-01 	 1.773113e-02 	 1.021548e+01 	 -1.501754e+02 	 -2.135042e+01 	 -1.403147e+02 	 8.512900e-02 	 1.077748e-01 	 3.085939e-03 	 1.140646e-02 
1.600004e+00 	 1.600004e+00 	 1 	 4.030586e+04 	 1.322549e+03 	 5.365876e-01 	 1.760695e-02 	 1.177038e+01 	 -1.501754e+02 	 -2.135042e+01 	 -1.304428e+02 	 9.808647e-02 	 1.077748e-01 	 3.085939e-03 	 9.337637e-03 
1.800005e+00 	 1.800005e+00 	 1 	 5.258814e+04 	 2.005371e+03 	 5.531656e-01 	 2.109415e-02 	 1.483865e+01 	 -1.501754e+02 	 -2.135042e+01 	 -1.510160e+02 	 1.236554e-01 	 1.077748e-01 	 3.085939e-03 	 1.070691e-02 
2.000005e+00 	 2.000005e+00 	 1 	 6.561706e+04 	 2.348737e+03 	 5.590738e-01 	 2.001183e-02 	 1.647573e+01 	 -1.501754e+02 	 -2.135042e+01 	 -1.383631e+02 	 1.372977e-01 	 1.077748e-01 	 3.085939e-03 	 1.191253e-02 
3.000008e+00 	 3.000008e+00 	 1 	 1.584433e+05 	 4.557394e+03 	 5.999898e-01 	 1.725784e-02 	 2.562872e+01 	 -1.501754e+02 	 -2.135042e+01 	 -9.256704e+01 	 2.135726e-01 	 1.077748e-01 	 3.085939e-03 	 9.310547e-03 
4.000010e+00 	 4.000010e+00 	 1 	 3.001924e+05 	 7.438286e+03 	 6.394287e-01 	 1.584401e-02 	 3.448357e+01 	 -1.501754e+02 	 -2.135042e+01 	 -5.674063e+01 	 2.873631e-01 	 1.077748e-01 	 3.085939e-03 	 9.859573e-03 
5.000013e+00 	 5.000013e+00 	 1 	 4.815339e+05 	 1.191161e+04 	 6.564463e-01 	 1.623838e-02 	 4.527005e+01 	 -1.501754e+02 	 -2.135042e+01 	 -5.683960e+01 	 3.772504e-01 	 1.077748e-01 	 3.085939e-03 	 1.090971e-02 
6.000015e+00 	 6.000015e+00 	 1 	 7.013767e+05 	 1.682642e+04 	 6.639895e-01 	 1.592948e-02 	 5.470483e+01 	 -1.501754e+02 	 -2.135042e+01 	 -5.155212e+01 	 4.558736e-01 	 1.077748e-01 	 3.085939e-03 	 6.093793e-03 
7.000018e+00 	 7.000018e+00 	 1 	 9.662085e+05 	 2.298011e+04 	 6.720276e-01 	 1.598337e-02 	 6.458511e+01 	 -1.501754e+02 	 -2.135042e+01 	 -4.879221e+01 	 5.382093e-01 	 1.077748e-01 	 3.085939e-03 	 6.719357e-03 
8.000021e+00 	 8.000021e+00 	 1 	 1.266365e+06 	 2.980569e+04 	 6.743594e-01 	 1.587200e-02 	 7.406635e+01 	 -1.501754e+02 	 -2.135042e+01 	 -4.737884e+01 	 6.172195e-01 	 1.077748e-01 	 3.085939e-03 	 6.149482e-03 
9.000023e+00 	 9.000023e+00 	 1 	 1.585362e+06 	 3.722365e+04 	 6.670458e-01 	 1.566197e-02 	 8.311385e+01 	 -1.501754e+02 	 -2.135042e+01 	 -4.983565e+01 	 6.926154e-01 	 1.077748e-01 	 3.085939e-03 	 6.168119e-03 
1.000003e+01 	 1.000003e+01 	 1 	 1.989121e+06 	 4.614593e+04 	 6.779123e-01 	 1.572700e-02 	 9.292249e+01 	 -1.501754e+02 	 -2.135042e+01 	 -4.476255e+01 	 7.743541e-01 	 1.077748e-01 	 3.085939e-03 	 6.212257e-03 
1.100003e+01 	 1.100003e+01 	 1 	 2.410705e+06 	 5.584083e+04 	 6.790020e-01 	 1.572819e-02 	 1.023949e+02 	 -1.501754e+02 	 -2.135042e+01 	 -4.475187e+01 	 8.532912e-01 	 1.077748e-01 	 3.085939e-03 	 6.649871e-03 
1.200003e+01 	 1.200003e+01 	 1 	 2.866551e+06 	 6.619026e+04 	 6.784369e-01 	 1.566549e-02 	 1.116796e+02 	 -1.501754e+02 	 -2.135042e+01 	 -4.431192e+01 	 9.306635e-01 	 1.077748e-01 	 3.085939e-03 	 6.256605e-03 
1.000003e-01 	 7.071086e-02 	 2 	 2.250443e+02 	 3.190119e+00 	 7.669734e-01 	 1.087224e-02 	 1.081041e+00 	 -1.501754e+02 	 -1.317861e+01 	 -6.313938e-03 	 9.008675e-03 	 1.077748e-01 	 1.176070e-03 	 1.698445e-06 
2.000005e-01 	 1.414217e-01 	 2 	 9.002881e+02 	 1.276586e+01 	 7.670680e-01 	 1.087683e-02 	 2.162558e+00 	 -1.501754e+02 	 -1.317861e+01 	 -2.554530e-02 	 1.802132e-02 	 1.077748e-01 	 1.176070e-03 	 6.943549e-06 
3.000008e-01 	 2.121326e-01 	 2 	 2.026103e+03 	 2.874482e+01 	 7.672401e-01 	 1.088502e-02 	 3.245114e+00 	 -1.501754e+02 	 -1.317861e+01 	 -5.860550e-02 	 2.704261e-02 	 1.077748e-01 	 1.176070e-03 	 1.623393e-05 
4.000010e-01 	 2.828434e-01 	 2 	 3.603263e+03 	 5.116224e+01 	 7.675175e-01 	 1.089788e-02 	 4.329486e+00 	 -1.501754e+02 	 -1.317861e+01 	 -1.071617e-01 	 3.607905e-02 	 1.077748e-01 	 1.176070e-03 	 3.061232e-05 
5.000013e-01 	 3.535543e-01 	 2 	 5.633367e+03 	 8.008637e+01 	 7.679632e-01 	 1.091769e-02 	 5.416984e+00 	 -1.501754e+02 	 -1.317861e+01 	 -1.738584e-01 	 4.514154e-02 	 1.077748e-01 	 1.176070e-03 	 5.231327e-05 
6.000015e-01 	 4.242652e-01 	 2 	 8.121175e+03 	 1.157415e+02 	 7.688272e-01 	 1.095718e-02 	 6.511263e+00 	 -1.501754e+02 	 -1.317861e+01 	 -2.744907e-01 	 5.426052e-02 	 1.077748e-01 	 1.176070e-03 	 9.005610e-05 
7.000018e-01 	 4.949760e-01 	 2 	 1.106714e+04 	 1.591222e+02 	 7.697537e-01 	 1.106743e-02 	 7.611786e+00 	 -1.501754e+02 	 -1.317861e+01 	 -6.882096e-01 	 6.343155e-02 	 1.077748e-01 	 1.176070e-03 	 1.495521e-04 
8.000021e-01 	 5.656869e-01 	 2 	 1.445297e+04 	 2.145545e+02 	 7.696431e-01 	 1.142536e-02 	 8.710135e+00 	 -1.501754e+02 	 -1.317861e+01 	 -2.397136e+00 	 7.258446e-02 	 1.077748e-01 	 1.176070e-03 	 2.984267e-04 
9.000023e-01 	 6.363977e-01 	 2 	 1.811046e+04 	 2.858048e+02 	 7.620032e-01 	 1.202533e-02 	 9.713866e+00 	 -1.501754e+02 	 -1.317861e+01 	 -6.606144e+00 	 8.094888e-02 	 1.077748e-01 	 1.176070e-03 	 6.342172e-04 
1.000003e+00 	 7.071086e-01 	 2 	 2.156050e+04 	 3.618162e+02 	 7.348033e-01 	 1.233106e-02 	 1.036703e+01 	 -1.501754e+02 	 -1.317861e+01 	 -1.298591e+01 	 8.639193e-02 	 1.077748e-01 	 1.176070e-03 	 9.468874e-04 
1.200003e+00 	 8.485303e-01 	 2 	 2.978312e+04 	 6.028615e+02 	 7.048878e-01 	 1.426814e-02 	 1.196736e+01 	 -1.501754e+02 	 -1.317861e+01 	 -3.049681e+01 	 9.972799e-02 	 1.077748e-01 	 1.176070e-03 	 2.127065e-03 
1.400004e+00 	 9.899520e-01 	 2 	 3.851137e+04 	 8.702334e+02 	 6.696459e-01 	 1.513185e-02 	 1.323880e+01 	 -1.501754e+02 	 -1.317861e+01 	 -4.595945e+01 	 1.103233e-01 	 1.077748e-01 	 1.176070e-03 	 3.370678e-03 
1.600004e+00 	 1.131374e+00 	 2 	 4.909511e+04 	 1.156874e+03 	 6.535978e-01 	 1.540134e-02 	 1.461563e+01 	 -1.501754e+02 	 -1.317861e+01 	 -5.223950e+01 	 1.217969e-01 	 1.077748e-01 	 1.176070e-03 	 3.641210e-03 
1.800005e+00 	 1.272795e+00 	 2 	 6.166194e+04 	 1.643643e+03 	 6.486113e-01 	 1.728920e-02 	 1.709072e+01 	 -1.501754e+02 	 -1.317861e+01 	 -7.039331e+01 	 1.424227e-01 	 1.077748e-01 	 1.176070e-03 	 4.891529e-03 
2.000005e+00 	 1.414217e+00 	 2 	 7.548905e+04 	 1.996393e+03 	 6.431856e-01 	 1.700977e-02 	 1.873921e+01 	 -1.501754e+02 	 -1.317861e+01 	 -7.063688e+01 	 1.561601e-01 	 1.077748e-01 	 1.176070e-03 	 4.922948e-03 
3.000008e+00 	 2.121326e+00 	 2 	 1.710847e+05 	 4.080107e+03 	 6.478598e-01 	 1.545046e-02 	 2.786466e+01 	 -1.501754e+02 	 -1.317861e+01 	 -5.806622e+01 	 2.322055e-01 	 1.077748e-01 	 1.176070e-03 	 4.224464e-03 
4.000010e+00 	 2.828434e+00 	 2 	 3.177469e+05 	 6.814592e+03 	 6.768208e-01 	 1.451551e-02 	 3.734844e+01 	 -1.501754e+02 	 -1.317861e+01 	 -3.711847e+01 	 3.112370e-01 	 1.077748e-01 	 1.176070e-03 	 3.250052e-03 
5.000013e+00 	 3.535543e+00 	 2 	 5.041632e+05 	 1.072801e+04 	 6.872955e-01 	 1.462486e-02 	 4.805061e+01 	 -1.501754e+02 	 -1.317861e+01 	 -3.613449e+01 	 4.004218e-01 	 1.077748e-01 	 1.176070e-03 	 2.688416e-03 
6.000015e+00 	 4.242652e+00 	 2 	 7.319877e+05 	 1.520166e+04 	 6.929687e-01 	 1.439133e-02 	 5.797275e+01 	 -1.501754e+02 	 -1.317861e+01 	 -3.264463e+01 	 4.831063e-01 	 1.077748e-01 	 1.176070e-03 	 2.513007e-03 
7.000018e+00 	 4.949760e+00 	 2 	 1.003923e+06 	 2.061330e+04 	 6.982594e-01 	 1.433718e-02 	 6.807809e+01 	 -1.501754e+02 	 -1.317861e+01 	 -3.054707e+01 	 5.673174e-01 	 1.077748e-01 	 1.176070e-03 	 2.468951e-03 
8.000021e+00 	 5.656869e+00 	 2 	 1.315633e+06 	 2.679875e+04 	 7.005950e-01 	 1.427075e-02 	 7.805438e+01 	 -1.501754e+02 	 -1.317861e+01 	 -2.944743e+01 	 6.504532e-01 	 1.077748e-01 	 1.176070e-03 	 2.445442e-03 
9.000023e+00 	 6.363977e+00 	 2 	 1.648232e+06 	 3.349625e+04 	 6.934989e-01 	 1.409365e-02 	 8.759158e+01 	 -1.501754e+02 	 -1.317861e+01 	 -3.168281e+01 	 7.299298e-01 	 1.077748e-01 	 1.176070e-03 	 2.502139e-03 
1.000003e+01 	 7.071086e+00 	 2 	 2.061792e+06 	 4.151215e+04 	 7.026793e-01 	 1.414776e-02 	 9.777103e+01 	 -1.501754e+02 	 -1.317861e+01 	 -2.803045e+01 	 8.147586e-01 	 1.077748e-01 	 1.176070e-03 	 2.389492e-03 
1.100003e+01 	 7.778195e+00 	 2 	 2.497255e+06 	 5.014654e+04 	 7.033798e-01 	 1.412433e-02 	 1.076595e+02 	 -1.501754e+02 	 -1.317861e+01 	 -2.771042e+01 	 8.971621e-01 	 1.077748e-01 	 1.176070e-03 	 2.379915e-03 
1.200003e+01 	 8.485303e+00 	 2 	 2.970745e+06 	 5.953401e+04 	 7.030969e-01 	 1.409013e-02 	 1.174781e+02 	 -1.501754e+02 	 -1.317861e+01 	 -2.768708e+01 	 9.789839e-01 	 1.077748e-01 	 1.176070e-03 	 2.372522e-03 
1.000003e-01 	 4.472147e-02 	 5 	 2.174143e+02 	 2.993068e+00 	 7.409698e-01 	 1.020068e-02 	 1.044359e+00 	 -1.501754e+02 	 -4.663560e+00 	 -8.780889e-04 	 8.702994e-03 	 1.077748e-01 	 3.239306e-04 	 9.175072e-08 
2.000005e-01 	 8.944295e-02 	 5 	 8.696539e+02 	 1.197239e+01 	 7.409669e-01 	 1.020078e-02 	 2.088729e+00 	 -1.501754e+02 	 -4.663560e+00 	 -3.533712e-03 	 1.740608e-02 	 1.077748e-01 	 3.239306e-04 	 3.700067e-07 
3.000008e-01 	 1.341644e-01 	 5 	 1.956709e+03 	 2.693834e+01 	 7.409621e-01 	 1.020095e-02 	 3.133122e+00 	 -1.501754e+02 	 -4.663560e+00 	 -8.032887e-03 	 2.610935e-02 	 1.077748e-01 	 3.239306e-04 	 8.441575e-07 
4.000010e-01 	 1.788859e-01 	 5 	 3.478562e+03 	 4.789160e+01 	 7.409555e-01 	 1.020121e-02 	 4.177550e+00 	 -1.501754e+02 	 -4.663560e+00 	 -1.449260e-02 	 3.481292e-02 	 1.077748e-01 	 3.239306e-04 	 1.531231e-06 
5.000013e-01 	 2.236074e-01 	 5 	 5.435193e+03 	 7.483327e+01 	 7.409472e-01 	 1.020157e-02 	 5.222033e+00 	 -1.501754e+02 	 -4.663560e+00 	 -2.309305e-02 	 4.351694e-02 	 1.077748e-01 	 3.239306e-04 	 2.458319e-06 
6.000015e-01 	 2.683288e-01 	 5 	 7.826574e+03 	 1.077651e+02 	 7.409375e-01 	 1.020206e-02 	 6.266594e+00 	 -1.501754e+02 	 -4.663560e+00 	 -3.409944e-02 	 5.222162e-02 	 1.077748e-01 	 3.239306e-04 	 3.667455e-06 
7.000018e-01 	 3.130503e-01 	 5 	 1.065268e+04 	 1.466897e+02 	 7.409268e-01 	 1.020272e-02 	 7.311271e+00 	 -1.501754e+02 	 -4.663560e+00 	 -4.790287e-02 	 6.092726e-02 	 1.077748e-01 	 3.239306e-04 	 5.226233e-06 
8.000021e-01 	 3.577718e-01 	 5 	 1.391352e+04 	 1.916127e+02 	 7.409167e-01 	 1.020367e-02 	 8.356130e+00 	 -1.501754e+02 	 -4.663560e+00 	 -6.522895e-02 	 6.963441e-02 	 1.077748e-01 	 3.239306e-04 	 7.261954e-06 
9.000023e-01 	 4.024933e-01 	 5 	 1.760905e+04 	 2.425527e+02 	 7.409062e-01 	 1.020548e-02 	 9.401243e+00 	 -1.501754e+02 	 -4.663560e+00 	 -8.965944e-02 	 7.834369e-02 	 1.077748e-01 	 3.239306e-04 	 1.008606e-05 
1.000003e+00 	 4.472147e-01 	 5 	 2.173757e+04 	 2.995711e+02 	 7.408381e-01 	 1.020968e-02 	 1.044583e+01 	 -1.501754e+02 	 -4.663560e+00 	 -1.388261e-01 	 8.704855e-02 	 1.077748e-01 	 3.239306e-04 	 1.371738e-05 
1.200003e+00 	 5.366577e-01 	 5 	 3.127275e+04 	 4.334474e+02 	 7.401434e-01 	 1.025856e-02 	 1.252682e+01 	 -1.501754e+02 	 -4.663560e+00 	 -5.557668e-01 	 1.043902e-01 	 1.077748e-01 	 3.239306e-04 	 3.971682e-05 
1.400004e+00 	 6.261006e-01 	 5 	 4.241392e+04 	 5.992940e+02 	 7.375045e-01 	 1.042068e-02 	 1.457030e+01 	 -1.501754e+02 	 -4.663560e+00 	 -1.955294e+00 	 1.214192e-01 	 1.077748e-01 	 3.239306e-04 	 1.364675e-04 
1.600004e+00 	 7.155436e-01 	 5 	 5.501164e+04 	 8.002954e+02 	 7.323640e-01 	 1.065425e-02 	 1.652291e+01 	 -1.501754e+02 	 -4.663560e+00 	 -4.033647e+00 	 1.376909e-01 	 1.077748e-01 	 3.239306e-04 	 2.801144e-04 
1.800005e+00 	 8.049865e-01 	 5 	 6.911346e+04 	 1.054759e+03 	 7.269925e-01 	 1.109483e-02 	 1.855763e+01 	 -1.501754e+02 	 -4.663560e+00 	 -8.358895e+00 	 1.546470e-01 	 1.077748e-01 	 3.239306e-04 	 5.804788e-04 
2.000005e+00 	 8.944295e-01 	 5 	 8.457910e+04 	 1.333951e+03 	 7.206351e-01 	 1.136560e-02 	 2.045204e+01 	 -1.501754e+02 	 -4.663560e+00 	 -1.127862e+01 	 1.704337e-01 	 1.077748e-01 	 3.239306e-04 	 7.832376e-04 
3.000008e+00 	 1.341644e+00 	 5 	 1.857541e+05 	 3.136142e+03 	 7.034096e-01 	 1.187587e-02 	 3.002550e+01 	 -1.501754e+02 	 -4.663560e+00 	 -1.861711e+01 	 2.502125e-01 	 1.077748e-01 	 3.239306e-04 	 1.292855e-03 
4.000010e+00 	 1.788859e+00 	 5 	 3.338721e+05 	 5.548521e+03 	 7.111684e-01 	 1.181870e-02 	 4.000873e+01 	 -1.501754e+02 	 -4.663560e+00 	 -1.451400e+01 	 3.334061e-01 	 1.077748e-01 	 3.239306e-04 	 1.007917e-03 
5.000013e+00 	 2.236074e+00 	 5 	 5.237099e+05 	 8.621521e+03 	 7.139423e-01 	 1.175320e-02 	 5.026636e+01 	 -1.501754e+02 	 -4.663560e+00 	 -1.361743e+01 	 4.188864e-01 	 1.077748e-01 	 3.239306e-04 	 9.456546e-04 
6.000015e+00 	 2.683288e+00 	 5 	 7.562728e+05 	 1.231433e+04 	 7.159593e-01 	 1.165791e-02 	 6.044567e+01 	 -1.501754e+02 	 -4.663560e+00 	 -1.248987e+01 	 5.037139e-01 	 1.077748e-01 	 3.239306e-04 	 8.673521e-04 
7.000018e+00 	 3.130503e+00 	 5 	 1.034106e+06 	 1.671810e+04 	 7.192525e-01 	 1.162795e-02 	 7.073655e+01 	 -1.501754e+02 	 -4.663560e+00 	 -1.127016e+01 	 5.894712e-01 	 1.077748e-01 	 3.239306e-04 	 7.826500e-04 
8.000021e+00 	 3.577718e+00 	 5 	 1.352371e+06 	 2.175179e+04 	 7.201585e-01 	 1.158317e-02 	 8.093100e+01 	 -1.501754e+02 	 -4.663560e+00 	 -1.078569e+01 	 6.744250e-01 	 1.077748e-01 	 3.239306e-04 	 7.490060e-04 
9.000023e+00 	 4.024933e+00 	 5 	 1.700562e+06 	 2.732582e+04 	 7.155169e-01 	 1.149742e-02 	 9.090170e+01 	 -1.501754e+02 	 -4.663560e+00 	 -1.224042e+01 	 7.575141e-01 	 1.077748e-01 	 3.239306e-04 	 8.500294e-04 
1.000003e+01 	 4.472147e+00 	 5 	 2.115406e+06 	 3.381244e+04 	 7.209514e-01 	 1.152362e-02 	 1.012744e+02 	 -1.501754e+02 	 -4.663560e+00 	 -1.027970e+01 	 8.439533e-01 	 1.077748e-01 	 3.239306e-04 	 7.138678e-04 
1.100003e+01 	 4.919362e+00 	 5 	 2.561670e+06 	 4.087469e+04 	 7.215229e-01 	 1.151281e-02 	 1.114768e+02 	 -1.501754e+02 	 -4.663560e+00 	 -1.006401e+01 	 9.289732e-01 	 1.077748e-01 	 3.239306e-04 	 6.988895e-04 
1.200003e+01 	 5.366577e+00 	 5 	 3.047370e+06 	 4.856372e+04 	 7.212320e-01 	 1.149375e-02 	 1.216158e+02 	 -1.501754e+02 	 -4.663560e+00 	 -1.010339e+01 	 1.013465e+00 	 1.077748e-01 	 3.239306e-04 	 7.016241e-04 
